6392
6451
5487
6573
5402
6984
6384
6373
6269
7028
6495
6346
6261
5318
6371
7042
5509
6751
6412
6927
5451
6888
6785
6496
6311
5307
6760
6661
6349
7057
6883
6903
6821
6558
6481
6511
7000
6547
6872
6212
6880
7039
5413
6569
6849
6433
7074
5480
6750
6450
6687
5486
5495
6901
6773
6595
6950
5350
5352
6787
5464
6625
6523
6758
6304
6798
5395
5373
6689
5396
6336
5489
6793
5359
7005
6941
5346
5294
6444
5139
6326
7076
6309
6630
6536
5405
6570
7032
6287
6904
5484
5381
6598
7026
6918
6936
6187
5353
6243
6713
5270
5476
7049
5302
5309
6514
6742
5437
6721
6660
7014
6675
6506
6248
5312
6583
6301
6552
5377
7043
6418
5276
6648
6813
5364
6420
5407
7021
6634
6277
6315
6429
6822
6777
7077
6382
6847
6663
6745
6834
6942
6976
5289
5482
6870
5290
6797
6838
6710
6608
6681
6604
5283
6684
6599
7047
5502
5423
6778
6363
6973
6720
6362
6577
6493
7070
6359
5330
7015
6805
5368
6249
7055
6920
6339
6367
6879
7040
5438
6245
5299
6175
6954
6831
6224
5465
5494
6517
5403
7058
6735
6289
5497
5388
6997
5420
6795
5314
6409
6885
5410
6508
7051
6566
5268
5456
7067
6753
6478
5448
6894
6596
6393
6618
6725
5320
6755
7046
6250
6381
6667
6427
6826
7072
6581
6262
6616
6379
6948
6817
7068
5265
6982
5257
5343
6374
6369
6601
6952
6219
6472
5400
5422
6356
5297
7064
6674
5247
5459
6644
6316
6652
6829
6783
6284
6391
6868
6937
5462
6827
6419
7001
6781
6886
6557
6366
5358
5067
5471
6907
6352
6621
6487
6300
5490
5505
5286
6242
6602
6526
6230
5277
6830
5455
6574
6320
6875
6238
6415
5338
6698
6401
5504
5409
6615
5401
6540
6302
6627
7007
5473
6738
5356
6449
5334
6474
6712
6614
6871
6232
5301
6732
6992
6987
5331
6939
6956
7023
6513
5284
5425
7017
6555
6967
6403
5446
6271
6431
6456
6227
4981
6722
5416
6986
6607
5374
5392
6739
5501
5512
5351
6695
6561
6282
6686
6290
6541
5288
7029
5390
6701
6999
6800
6413
6747
5326
6633
6263
6333
6743
6766
6272
6476
6576
6677
6580
6551
6348
5340
6810
6867
5266
6458
6893
6845
6801
6430
6522
6377
6977
6306
6589
6575
6839
5339
5391
5483
6791
6852
5379
5433
6917
6510
6066
5408
6649
6619
6210
6225
6466
5252
6782
5292
5460
6246
6256
5398
5427
6774
6567
6744
6925
6559
6538
6600
6364
6461
6396
6465
7025
6283
6568
7052
7020
6638
6312
6916
6605
6606
6436
6736
6719
6504
5426
6587
6943
6255
6397
6980
6273
6553
6445
6642
5221
6334
6520
6593
6632
6280
6923
6859
5371
6597
6252
7056
6934
5481
6389
6385
7054
6358
6308
5378
6861
5242
5467
6706
5380
6844
6215
6470
6530
6949
6327
7013
6804
6887
6930
6806
5275
6610
6985
5472
7062
6965
6578
6672
6491
5316
5376
7030
6673
6650
6863
6395
7033
6479
6877
6768
6531
6281
6317
6969
6484
6866
6213
6746
6416
6940
6963
5429
6856
6919
6832
6340
6843
5397
5280
6935
6991
6560
5295
5007
6432
6912
6323
6322
5281
6842
6767
6378
6854
7024
6521
6889
6365
6664
6286
6740
6231
6653
5246
6975
6951
5383
6895
6410
6824
5500
6896
5375
6535
6819
7061
6307
5363
6331
6422
6850
6594
6765
6995
5245
6654
6651
6694
6582
6211
6658
5503
7035
6453
6647
6669
5259
6239
6345
6542
6707
5306
6437
6922
6457
6257
6565
6264
5411
7044
6313
5419
6860
5449
6217
5434
6398
6945
6629
6691
6274
6833
5099
6350
6254
6717
6639
6483
6802
5468
6640
5293
5186
5267
6784
6488
6244
6370
7010
6357
6910
6851
6590
6974
6544
6297
6251
5279
6970
5496
6990
5345
6900
6519
6260
6404
5305
6592
6823
6485
6723
6209
6944
6613
6641
7004
6908
6962
6931
7045
6905
6665
6971
6253
6353
6897
5348
6235
7073
5488
6799
6683
6499
6507
5369
6978
6341
5219
5272
6548
6926
6769
6291
7031
6611
5415
6314
6266
6678
5329
6585
6770
6482
6968
6407
6756
5469
6329
6545
7022
6836
6241
6958
7016
6229
6623
5461
6267
6571
6915
6972
5412
6790
6343
5450
6486
5443
6509
6728
7036
6655
6528
5499
6236
6319
7048
7002
6603
6218
5337
6762
6730
6221
6820
5285
5492
6354
5441
6704
6705
5282
5355
6402
6961
6563
5287
6748
5347
6411
6222
6670
6682
6584
5372
6924
6579
6489
7037
7034
6703
6434
5253
7053
5342
6527
6636
6724
6502
6372
6421
6622
6752
6562
6588
6841
6697
6612
6749
6464
5366
6440
6292
6699
6265
5493
6324
6776
6361
6729
5354
6223
7012
6591
6516
5349
5399
6846
5394
6293
6330
6360
6624
6884
6858
6983
6438
6337
5485
6321
6228
6994
6247
6294
6258
5303
6076
6657
6505
6279
6906
5417
6620
6635
7006
5063
5418
6492
6914
6853
6305
6933
6659
6959
6208
6296
6911
6543
6480
6909
6812
6524
6718
6741
6840
5498
6899
6259
6796
6898
6809
7075
5319
6447
6676
4956
6960
6442
6285
6609
6891
6709
6702
5457
6278
6475
5361
6529
5278
6828
6425
6780
6873
6848
6234
6955
6406
5248
5387
6835
6792
6754
5255
6455
6928
6668
6666
6408
6779
5362
6808
6355
6233
6882
5250
5479
6946
7066
6515
5291
5454
6380
6929
6237
6921
6690
6124
6708
5004
5304
5393
6554
5386
6414
7027
6626
6240
5336
6494
6981
6399
6441
6335
5452
6998
5274
6932
5431
5428
6989
6803
6862
6471
6435
6716
5477
5332
6400
6878
6328
6764
6775
5365
6351
6423
5404
6298
6387
6818
6539
6270
5357
6390
6902
6688
6964
6386
5296
6532
6310
6696
6726
6467
6446
7041
6679
5389
6220
6617
6318
5322
6772
6347
6864
6295
6550
6214
6477
6807
6715
6794
6656
6375
6032
6637
5458
7011
6628
6815
5335